#NUMBER OF AGES= 1 MAGS= 5
#----------------------------------------------------       
#MIX-LEN  Y      Z          Zeff        [Fe/H] [a/Fe]
# 1.9380  0.2455 2.9417E-04 1.0137E-04  -2.30   0.60 
#----------------------------------------------------       
#**PHOTOMETRIC SYSTEM**: SDSS (AB)
#----------------------------------------------------       
#AGE=12.000 EEPS=267
#EEP   M/Mo    LogTeff  LogG   LogL/Lo sdss_u  sdss_g  sdss_r  sdss_i  sdss_z
  13  0.109671  3.5438  5.3472 -2.7407 17.1041 13.9189 12.2446 11.5130 11.1025
  14  0.120538  3.5512  5.2981 -2.6211 16.5327 13.5132 11.8892 11.2061 10.8169
  15  0.133064  3.5588  5.2495 -2.4990 15.9774 13.1026 11.5323 10.8919 10.5230
  16  0.146789  3.5661  5.2076 -2.3852 15.4761 12.7207 11.2034 10.5980 10.2470
  17  0.160190  3.5723  5.1757 -2.2908 15.0700 12.4054 10.9337 10.3543 10.0173
  18  0.172643  3.5773  5.1510 -2.2136 14.7457 12.1496 10.7158 10.1553  9.8290
  19  0.184842  3.5815  5.1293 -2.1454 14.4665 11.9265 10.5255  9.9801  9.6624
  20  0.198784  3.5856  5.1068 -2.0753 14.1882 11.7013 10.3323  9.8008  9.4912
  21  0.215959  3.5898  5.0827 -1.9989 13.8902 11.4587 10.1237  9.6061  9.3046
  22  0.232537  3.5935  5.0621 -1.9318 13.6295 11.2465  9.9418  9.4356  9.1407
  23  0.248965  3.5968  5.0440 -1.8703 13.3924 11.0533  9.7765  9.2799  8.9906
  24  0.267466  3.6003  5.0255 -1.8062 13.1477 10.8527  9.6044  9.1173  8.8337
  25  0.290053  3.6041  5.0055 -1.7352 12.8806 10.6319  9.4139  8.9369  8.6596
  26  0.303293  3.6062  4.9980 -1.7000 12.7468 10.5213  9.3187  8.8472  8.5735
  27  0.310712  3.6073  4.9945 -1.6819 12.6777 10.4640  9.2695  8.8010  8.5291
  28  0.315871  3.6080  4.9921 -1.6694 12.6300 10.4244  9.2355  8.7690  8.4984
  29  0.319637  3.6085  4.9900 -1.6599 12.5937 10.3944  9.2097  8.7449  8.4752
  30  0.322563  3.6090  4.9880 -1.6520 12.5635 10.3694  9.1883  8.7247  8.4559
  31  0.325219  3.6095  4.9860 -1.6446 12.5350 10.3459  9.1683  8.7060  8.4379
  32  0.327925  3.6099  4.9839 -1.6370 12.5057 10.3218  9.1476  8.6866  8.4194
  33  0.331170  3.6105  4.9815 -1.6283 12.4724 10.2942  9.1239  8.6644  8.3981
  34  0.335413  3.6111  4.9786 -1.6174 12.4318 10.2603  9.0946  8.6368  8.3715
  35  0.341331  3.6118  4.9747 -1.6029 12.3788 10.2156  9.0557  8.5999  8.3359
  36  0.350279  3.6130  4.9683 -1.5806 12.2971 10.1467  8.9956  8.5429  8.2810
  37  0.371786  3.6168  4.9490 -1.5203 12.0659  9.9556  8.8320  8.3893  8.1336
  38  0.396668  3.6231  4.9222 -1.4402 11.7316  9.6873  8.6098  8.1837  7.9387
  39  0.409809  3.6268  4.9068 -1.3959 11.5441  9.5368  8.4856  8.0693  7.8306
  40  0.422555  3.6307  4.8916 -1.3517 11.3537  9.3848  8.3610  7.9552  7.7234
  41  0.435639  3.6350  4.8761 -1.3055 11.1492  9.2230  8.2294  7.8355  7.6116
  42  0.448400  3.6396  4.8608 -1.2595 10.9422  9.0605  8.0977  7.7162  7.5007
  43  0.459098  3.6438  4.8475 -1.2194 10.7603  8.9187  7.9828  7.6125  7.4043
  44  0.468811  3.6478  4.8352 -1.1817 10.5863  8.7843  7.8745  7.5150  7.3141
  45  0.477967  3.6519  4.8237 -1.1453 10.4141  8.6534  7.7696  7.4210  7.2273
  46  0.486679  3.6561  4.8130 -1.1099 10.2434  8.5255  7.6678  7.3300  7.1438
  47  0.495192  3.6605  4.8030 -1.0751 10.0717  8.3986  7.5671  7.2403  7.0616
  48  0.503659  3.6650  4.7935 -1.0401  9.8978  8.2717  7.4665  7.1507  6.9796
  49  0.511882  3.6696  4.7849 -1.0057  9.7233  8.1462  7.3673  7.0625  6.8992
  50  0.520108  3.6747  4.7767 -0.9706  9.5439  8.0187  7.2668  6.9734  6.8180
  51  0.528461  3.6800  4.7688 -0.9347  9.3594  7.8891  7.1643  6.8822  6.7351
  52  0.533147  3.6829  4.7645 -0.9144  9.2559  7.8168  7.1069  6.8311  6.6885
  53  0.537848  3.6860  4.7602 -0.8940  9.1523  7.7446  7.0495  6.7800  6.6420
  54  0.542581  3.6891  4.7559 -0.8735  9.0489  7.6718  6.9917  6.7289  6.5956
  55  0.547355  3.6922  4.7514 -0.8529  8.9458  7.5990  6.9339  6.6776  6.5491
  56  0.552155  3.6953  4.7469 -0.8321  8.8438  7.5266  6.8761  6.6264  6.5026
  57  0.556958  3.6984  4.7424 -0.8113  8.7434  7.4552  6.8187  6.5752  6.4560
  58  0.561723  3.7016  4.7379 -0.7906  8.6447  7.3851  6.7619  6.5245  6.4097
  59  0.566454  3.7047  4.7334 -0.7700  8.5474  7.3160  6.7059  6.4744  6.3638
  60  0.571134  3.7078  4.7289 -0.7496  8.4523  7.2482  6.6508  6.4248  6.3184
  61  0.575761  3.7108  4.7244 -0.7294  8.3596  7.1820  6.5966  6.3761  6.2737
  62  0.580323  3.7138  4.7198 -0.7094  8.2695  7.1171  6.5435  6.3282  6.2297
  63  0.584824  3.7168  4.7152 -0.6897  8.1820  7.0537  6.4913  6.2811  6.1864
  64  0.589255  3.7196  4.7105 -0.6703  8.0972  6.9917  6.4402  6.2350  6.1440
  65  0.593619  3.7225  4.7058 -0.6512  8.0151  6.9313  6.3902  6.1897  6.1022
  66  0.597911  3.7252  4.7009 -0.6323  7.9359  6.8725  6.3413  6.1454  6.0613
  67  0.602143  3.7278  4.6960 -0.6137  7.8593  6.8149  6.2934  6.1018  6.0210
  68  0.606300  3.7304  4.6911 -0.5954  7.7848  6.7586  6.2464  6.0591  5.9815
  69  0.610386  3.7330  4.6861 -0.5774  7.7120  6.7031  6.2002  6.0173  5.9429
  70  0.614399  3.7354  4.6811 -0.5596  7.6413  6.6487  6.1549  5.9763  5.9050
  71  0.618344  3.7378  4.6760 -0.5422  7.5726  6.5954  6.1103  5.9359  5.8675
  72  0.622226  3.7401  4.6709 -0.5249  7.5059  6.5433  6.0666  5.8961  5.8306
  73  0.626040  3.7425  4.6657 -0.5078  7.4412  6.4923  6.0236  5.8570  5.7943
  74  0.629794  3.7447  4.6604 -0.4910  7.3784  6.4424  5.9814  5.8183  5.7583
  75  0.633490  3.7469  4.6552 -0.4744  7.3172  6.3933  5.9398  5.7803  5.7229
  76  0.637126  3.7491  4.6498 -0.4580  7.2577  6.3452  5.8987  5.7428  5.6878
  77  0.640707  3.7512  4.6444 -0.4418  7.1995  6.2978  5.8584  5.7057  5.6532
  78  0.644229  3.7532  4.6390 -0.4258  7.1426  6.2512  5.8186  5.6693  5.6192
  79  0.647700  3.7552  4.6335 -0.4100  7.0865  6.2051  5.7795  5.6335  5.5858
  80  0.651120  3.7571  4.6279 -0.3944  7.0313  6.1596  5.7409  5.5983  5.5530
  81  0.654489  3.7590  4.6223 -0.3789  6.9772  6.1147  5.7028  5.5636  5.5206
  82  0.659327  3.7618  4.6140 -0.3565  6.9003  6.0502  5.6480  5.5133  5.4736
  83  0.664160  3.7644  4.6054 -0.3341  6.8252  5.9862  5.5927  5.4623  5.4258
  84  0.668977  3.7670  4.5965 -0.3114  6.7514  5.9224  5.5372  5.4109  5.3773
  85  0.673768  3.7697  4.5874 -0.2888  6.6785  5.8585  5.4816  5.3594  5.3288
  86  0.678524  3.7723  4.5781 -0.2661  6.6063  5.7946  5.4259  5.3077  5.2801
  87  0.683236  3.7748  4.5686 -0.2433  6.5350  5.7309  5.3702  5.2561  5.2314
  88  0.687893  3.7774  4.5591 -0.2205  6.4642  5.6673  5.3146  5.2045  5.1827
  89  0.692486  3.7799  4.5494 -0.1979  6.3943  5.6041  5.2593  5.1531  5.1341
  90  0.697005  3.7824  4.5395 -0.1752  6.3253  5.5412  5.2041  5.1018  5.0857
  91  0.701437  3.7849  4.5295 -0.1526  6.2575  5.4787  5.1492  5.0507  5.0375
  92  0.705771  3.7873  4.5193 -0.1301  6.1911  5.4167  5.0946  4.9999  4.9895
  93  0.710003  3.7896  4.5090 -0.1078  6.1258  5.3552  5.0403  4.9493  4.9416
  94  0.714132  3.7919  4.4985 -0.0856  6.0619  5.2942  4.9862  4.8986  4.8936
  95  0.718160  3.7942  4.4877 -0.0635  5.9989  5.2336  4.9323  4.8482  4.8458
  96  0.722089  3.7963  4.4767 -0.0415  5.9366  5.1735  4.8789  4.7981  4.7981
  97  0.725915  3.7984  4.4653 -0.0195  5.8744  5.1137  4.8260  4.7487  4.7512
  98  0.729643  3.8004  4.4536  0.0023  5.8131  5.0542  4.7733  4.6994  4.7043
  99  0.733274  3.8023  4.4417  0.0241  5.7528  4.9950  4.7207  4.6500  4.6572
 100  0.736807  3.8042  4.4294  0.0458  5.6939  4.9362  4.6678  4.6001  4.6095
 101  0.740245  3.8059  4.4169  0.0675  5.6363  4.8778  4.6148  4.5498  4.5613
 102  0.743591  3.8076  4.4039  0.0891  5.5793  4.8197  4.5618  4.4995  4.5131
 103  0.746845  3.8091  4.3907  0.1106  5.5230  4.7620  4.5089  4.4491  4.4646
 104  0.750010  3.8107  4.3771  0.1321  5.4670  4.7044  4.4560  4.3988  4.4161
 105  0.753083  3.8121  4.3632  0.1536  5.4116  4.6473  4.4033  4.3483  4.3674
 106  0.756063  3.8135  4.3490  0.1749  5.3569  4.5904  4.3505  4.2978  4.3185
 107  0.758954  3.8148  4.3344  0.1961  5.3028  4.5339  4.2978  4.2471  4.2694
 108  0.761761  3.8159  4.3196  0.2173  5.2494  4.4777  4.2454  4.1966  4.2203
 109  0.764490  3.8171  4.3045  0.2384  5.1967  4.4220  4.1932  4.1463  4.1714
 110  0.767148  3.8181  4.2891  0.2594  5.1447  4.3667  4.1413  4.0962  4.1226
 111  0.769734  3.8190  4.2736  0.2802  5.0932  4.3118  4.0897  4.0462  4.0738
 112  0.770455  3.8193  4.2691  0.2861  5.0786  4.2962  4.0750  4.0320  4.0599
 113  0.771173  3.8196  4.2647  0.2921  5.0636  4.2803  4.0600  4.0176  4.0459
 114  0.771889  3.8199  4.2603  0.2981  5.0489  4.2645  4.0452  4.0033  4.0320
 115  0.772601  3.8202  4.2559  0.3043  5.0338  4.2483  4.0302  3.9888  4.0179
 116  0.773311  3.8205  4.2514  0.3104  5.0184  4.2318  4.0150  3.9742  4.0038
 117  0.774017  3.8209  4.2470  0.3166  5.0032  4.2155  3.9998  3.9596  3.9895
 118  0.774719  3.8212  4.2425  0.3229  4.9877  4.1987  3.9842  3.9447  3.9751
 119  0.775418  3.8216  4.2380  0.3292  4.9721  4.1818  3.9686  3.9297  3.9606
 120  0.776114  3.8220  4.2334  0.3356  4.9564  4.1648  3.9529  3.9146  3.9460
 121  0.776805  3.8223  4.2287  0.3420  4.9406  4.1477  3.9370  3.8993  3.9311
 122  0.777494  3.8226  4.2239  0.3485  4.9246  4.1305  3.9209  3.8838  3.9159
 123  0.778178  3.8229  4.2188  0.3551  4.9086  4.1132  3.9045  3.8680  3.9005
 124  0.778858  3.8231  4.2136  0.3617  4.8924  4.0958  3.8881  3.8519  3.8848
 125  0.779533  3.8234  4.2080  0.3685  4.8762  4.0783  3.8713  3.8356  3.8687
 126  0.780203  3.8235  4.2023  0.3752  4.8599  4.0607  3.8544  3.8190  3.8524
 127  0.780868  3.8236  4.1964  0.3820  4.8433  4.0430  3.8373  3.8022  3.8358
 128  0.781528  3.8237  4.1904  0.3889  4.8267  4.0252  3.8200  3.7852  3.8189
 129  0.782183  3.8238  4.1841  0.3959  4.8100  4.0073  3.8026  3.7680  3.8019
 130  0.782834  3.8239  4.1777  0.4029  4.7931  3.9893  3.7850  3.7506  3.7846
 131  0.783479  3.8240  4.1712  0.4100  4.7762  3.9712  3.7672  3.7330  3.7670
 132  0.784120  3.8240  4.1645  0.4170  4.7592  3.9530  3.7493  3.7152  3.7493
 133  0.784755  3.8239  4.1576  0.4242  4.7420  3.9347  3.7312  3.6972  3.7313
 134  0.785383  3.8239  4.1505  0.4315  4.7248  3.9164  3.7129  3.6789  3.7130
 135  0.786005  3.8238  4.1431  0.4388  4.7074  3.8980  3.6945  3.6604  3.6943
 136  0.786620  3.8237  4.1355  0.4462  4.6900  3.8795  3.6758  3.6416  3.6754
 137  0.787228  3.8235  4.1277  0.4537  4.6725  3.8610  3.6569  3.6225  3.6562
 138  0.787830  3.8233  4.1196  0.4612  4.6548  3.8424  3.6380  3.6032  3.6366
 139  0.788424  3.8230  4.1113  0.4687  4.6371  3.8238  3.6187  3.5837  3.6167
 140  0.789010  3.8227  4.1028  0.4763  4.6192  3.8051  3.5993  3.5638  3.5965
 141  0.789588  3.8223  4.0939  0.4840  4.6013  3.7863  3.5797  3.5437  3.5760
 142  0.790157  3.8219  4.0847  0.4918  4.5833  3.7675  3.5599  3.5233  3.5551
 143  0.790717  3.8214  4.0753  0.4995  4.5651  3.7488  3.5398  3.5025  3.5337
 144  0.791268  3.8208  4.0655  0.5074  4.5468  3.7301  3.5194  3.4813  3.5119
 145  0.791809  3.8202  4.0554  0.5153  4.5285  3.7113  3.4988  3.4598  3.4896
 146  0.792340  3.8195  4.0450  0.5234  4.5102  3.6926  3.4781  3.4380  3.4670
 147  0.792860  3.8187  4.0341  0.5313  4.4918  3.6739  3.4571  3.4159  3.4439
 148  0.793368  3.8179  4.0229  0.5394  4.4734  3.6553  3.4360  3.3934  3.4204
 149  0.793865  3.8169  4.0112  0.5476  4.4550  3.6367  3.4146  3.3705  3.3964
 150  0.794350  3.8159  3.9990  0.5557  4.4368  3.6184  3.3931  3.3474  3.3720
 151  0.794822  3.8147  3.9864  0.5640  4.4190  3.6002  3.3716  3.3242  3.3473
 152  0.795281  3.8134  3.9732  0.5723  4.4014  3.5821  3.3503  3.3009  3.3225
 153  0.795727  3.8120  3.9595  0.5806  4.3841  3.5643  3.3288  3.2774  3.2974
 154  0.796160  3.8105  3.9453  0.5889  4.3672  3.5467  3.3073  3.2537  3.2719
 155  0.796579  3.8088  3.9305  0.5973  4.3506  3.5294  3.2858  3.2297  3.2460
 156  0.796984  3.8070  3.9151  0.6056  4.3345  3.5124  3.2640  3.2054  3.2195
 157  0.797376  3.8050  3.8992  0.6140  4.3187  3.4958  3.2423  3.1808  3.1926
 158  0.797754  3.8029  3.8827  0.6224  4.3035  3.4796  3.2206  3.1559  3.1653
 159  0.798119  3.8007  3.8655  0.6308  4.2887  3.4638  3.1989  3.1309  3.1377
 160  0.798471  3.7983  3.8478  0.6391  4.2746  3.4486  3.1772  3.1056  3.1095
 161  0.798811  3.7958  3.8293  0.6475  4.2615  3.4340  3.1555  3.0800  3.0809
 162  0.799082  3.7931  3.8121  0.6543  4.2533  3.4238  3.1376  3.0581  3.0558
 163  0.799350  3.7902  3.7939  0.6611  4.2464  3.4138  3.1198  3.0360  3.0303
 164  0.799615  3.7871  3.7748  0.6680  4.2414  3.4047  3.1017  3.0130  3.0037
 165  0.799879  3.7840  3.7556  0.6749  4.2374  3.3961  3.0828  2.9890  2.9759
 166  0.800141  3.7812  3.7370  0.6821  4.2322  3.3863  3.0636  2.9650  2.9484
 167  0.800404  3.7787  3.7199  0.6895  4.2249  3.3749  3.0443  2.9418  2.9222
 168  0.800659  3.7752  3.6988  0.6967  4.2214  3.3663  3.0254  2.9176  2.8941
 169  0.800908  3.7714  3.6764  0.7041  4.2206  3.3584  3.0063  2.8926  2.8646
 170  0.801154  3.7679  3.6549  0.7118  4.2198  3.3494  2.9862  2.8669  2.8348
 171  0.801395  3.7649  3.6349  0.7199  4.2163  3.3382  2.9654  2.8413  2.8056
 172  0.801631  3.7622  3.6157  0.7284  4.2103  3.3251  2.9441  2.8158  2.7768
 173  0.801857  3.7597  3.5967  0.7374  4.2028  3.3107  2.9219  2.7896  2.7477
 174  0.802074  3.7573  3.5782  0.7466  4.1939  3.2947  2.8989  2.7629  2.7181
 175  0.802280  3.7552  3.5601  0.7563  4.1834  3.2773  2.8749  2.7356  2.6883
 176  0.802476  3.7532  3.5423  0.7662  4.1713  3.2586  2.8503  2.7080  2.6583
 177  0.802663  3.7514  3.5252  0.7765  4.1574  3.2386  2.8249  2.6798  2.6281
 178  0.802841  3.7499  3.5085  0.7870  4.1420  3.2174  2.7989  2.6514  2.5978
 179  0.803013  3.7485  3.4923  0.7977  4.1251  3.1952  2.7723  2.6226  2.5674
 180  0.803178  3.7472  3.4764  0.8085  4.1079  3.1727  2.7455  2.5937  2.5369
 181  0.803338  3.7460  3.4608  0.8195  4.0896  3.1494  2.7183  2.5646  2.5063
 182  0.803519  3.7448  3.4430  0.8325  4.0673  3.1213  2.6860  2.5302  2.4703
 183  0.803699  3.7436  3.4252  0.8458  4.0437  3.0923  2.6528  2.4950  2.4337
 184  0.803877  3.7426  3.4075  0.8595  4.0188  3.0621  2.6189  2.4592  2.3966
 185  0.804054  3.7416  3.3899  0.8734  3.9925  3.0310  2.5844  2.4229  2.3592
 186  0.804229  3.7408  3.3725  0.8874  3.9655  2.9993  2.5496  2.3865  2.3216
 187  0.804404  3.7400  3.3552  0.9016  3.9372  2.9669  2.5143  2.3499  2.2839
 188  0.804577  3.7392  3.3379  0.9160  3.9083  2.9338  2.4786  2.3130  2.2460
 189  0.804751  3.7385  3.3207  0.9304  3.8788  2.9004  2.4428  2.2759  2.2080
 190  0.804923  3.7379  3.3035  0.9450  3.8485  2.8665  2.4066  2.2386  2.1699
 191  0.805094  3.7372  3.2865  0.9596  3.8177  2.8322  2.3704  2.2013  2.1319
 192  0.805266  3.7366  3.2695  0.9744  3.7864  2.7976  2.3339  2.1639  2.0937
 193  0.805437  3.7360  3.2525  0.9891  3.7548  2.7627  2.2973  2.1264  2.0554
 194  0.805607  3.7355  3.2356  1.0040  3.7227  2.7275  2.2605  2.0888  2.0172
 195  0.805777  3.7350  3.2187  1.0189  3.6902  2.6920  2.2235  2.0510  1.9788
 196  0.805946  3.7345  3.2017  1.0340  3.6573  2.6561  2.1861  2.0129  1.9400
 197  0.806114  3.7340  3.1845  1.0492  3.6240  2.6199  2.1484  1.9744  1.9010
 198  0.806281  3.7335  3.1674  1.0645  3.5902  2.5832  2.1105  1.9357  1.8617
 199  0.806446  3.7331  3.1501  1.0801  3.5556  2.5457  2.0717  1.8963  1.8218
 200  0.806608  3.7326  3.1323  1.0961  3.5203  2.5075  2.0321  1.8560  1.7809
 201  0.806767  3.7321  3.1142  1.1123  3.4844  2.4685  1.9919  1.8151  1.7393
 202  0.806924  3.7316  3.0959  1.1288  3.4478  2.4290  1.9509  1.7735  1.6971
 203  0.807079  3.7311  3.0773  1.1455  3.4111  2.3890  1.9096  1.7315  1.6545
 204  0.807231  3.7307  3.0586  1.1626  3.3728  2.3479  1.8674  1.6885  1.6111
 205  0.807378  3.7302  3.0393  1.1800  3.3340  2.3059  1.8240  1.6445  1.5665
 206  0.807520  3.7297  3.0196  1.1980  3.2941  2.2628  1.7796  1.5994  1.5207
 207  0.807658  3.7292  2.9991  1.2162  3.2540  2.2191  1.7344  1.5533  1.4740
 208  0.807792  3.7287  2.9784  1.2349  3.2129  2.1744  1.6882  1.5065  1.4264
 209  0.807922  3.7281  2.9573  1.2538  3.1718  2.1294  1.6414  1.4588  1.3780
 210  0.808048  3.7275  2.9357  1.2730  3.1302  2.0837  1.5939  1.4104  1.3288
 211  0.808171  3.7269  2.9140  1.2924  3.0881  2.0374  1.5458  1.3613  1.2790
 212  0.808290  3.7262  2.8919  1.3121  3.0457  1.9908  1.4971  1.3116  1.2285
 213  0.808405  3.7256  2.8695  1.3320  3.0030  1.9436  1.4479  1.2613  1.1774
 214  0.808517  3.7249  2.8467  1.3521  2.9605  1.8962  1.3981  1.2103  1.1256
 215  0.808626  3.7243  2.8240  1.3725  2.9169  1.8480  1.3477  1.1590  1.0734
 216  0.808730  3.7237  2.8008  1.3930  2.8737  1.7998  1.2970  1.1070  1.0205
 217  0.808752  3.7235  2.7961  1.3970  2.8651  1.7901  1.2867  1.0966  1.0099
 218  0.808772  3.7234  2.7914  1.4012  2.8564  1.7803  1.2765  1.0861  0.9992
 219  0.808793  3.7232  2.7867  1.4054  2.8477  1.7705  1.2662  1.0755  0.9884
 220  0.808813  3.7231  2.7820  1.4095  2.8390  1.7608  1.2559  1.0649  0.9776
 221  0.808834  3.7229  2.7772  1.4138  2.8302  1.7509  1.2455  1.0542  0.9668
 222  0.808853  3.7228  2.7724  1.4180  2.8214  1.7410  1.2350  1.0436  0.9559
 223  0.808874  3.7227  2.7677  1.4221  2.8123  1.7310  1.2246  1.0329  0.9451
 224  0.808894  3.7226  2.7630  1.4264  2.8033  1.7209  1.2140  1.0221  0.9341
 225  0.808914  3.7225  2.7583  1.4307  2.7940  1.7107  1.2033  1.0112  0.9232
 226  0.808934  3.7223  2.7534  1.4350  2.7849  1.7006  1.1927  1.0004  0.9121
 227  0.809124  3.7209  2.7052  1.4776  2.6961  1.6006  1.0872  0.8922  0.8020
 228  0.809302  3.7194  2.6558  1.5214  2.6052  1.4981  0.9790  0.7814  0.6892
 229  0.809466  3.7179  2.6065  1.5647  2.5162  1.3969  0.8719  0.6715  0.5773
 230  0.809620  3.7164  2.5558  1.6094  2.4242  1.2925  0.7616  0.5585  0.4623
 231  0.809755  3.7149  2.5070  1.6522  2.3371  1.1928  0.6561  0.4502  0.3520
 232  0.809881  3.7134  2.4581  1.6953  2.2495  1.0925  0.5502  0.3417  0.2414
 233  0.809995  3.7117  2.4088  1.7377  2.1669  0.9954  0.4463  0.2346  0.1320
 234  0.810102  3.7100  2.3590  1.7807  2.0826  0.8965  0.3407  0.1260  0.0211
 235  0.810199  3.7083  2.3100  1.8230  2.0008  0.7997  0.2372  0.0194 -0.0879
 236  0.810289  3.7066  2.2613  1.8650  1.9205  0.7042  0.1347 -0.0863 -0.1960
 237  0.810372  3.7048  2.2120  1.9073  1.8399  0.6082  0.0314 -0.1929 -0.3050
 238  0.810448  3.7031  2.1632  1.9491  1.7609  0.5138 -0.0706 -0.2983 -0.4130
 239  0.810517  3.7014  2.1158  1.9898  1.6852  0.4226 -0.1696 -0.4007 -0.5179
 240  0.810580  3.6997  2.0708  2.0283  1.6146  0.3368 -0.2632 -0.4977 -0.6174
 241  0.810639  3.6983  2.0288  2.0643  1.5494  0.2567 -0.3510 -0.5887 -0.7106
 242  0.810694  3.6972  1.9974  2.0915  1.4992  0.1954 -0.4178 -0.6577 -0.7811
 243  0.810747  3.6960  1.9650  2.1193  1.4492  0.1335 -0.4857 -0.7282 -0.8534
 244  0.810798  3.6941  1.9169  2.1597  1.3794  0.0458 -0.5831 -0.8297 -0.9578
 245  0.810845  3.6922  1.8699  2.1991  1.3142 -0.0388 -0.6777 -0.9285 -1.0597
 246  0.810886  3.6904  1.8289  2.2333  1.2591 -0.1119 -0.7597 -1.0142 -1.1481
 247  0.810927  3.6894  1.8016  2.2561  1.2242 -0.1603 -0.8141 -1.0711 -1.2068
 248  0.810965  3.6882  1.7741  2.2791  1.1894 -0.2087 -0.8688 -1.1284 -1.2659
 249  0.811003  3.6862  1.7256  2.3196  1.1261 -0.2943 -0.9654 -1.2297 -1.3704
 250  0.811037  3.6842  1.6761  2.3610  1.0639 -0.3809 -1.0638 -1.3328 -1.4769
 251  0.811068  3.6821  1.6274  2.4014  1.0057 -0.4654 -1.1600 -1.4340 -1.5813
 252  0.811096  3.6801  1.5797  2.4411  0.9503 -0.5476 -1.2540 -1.5328 -1.6834
 253  0.811122  3.6781  1.5328  2.4800  0.8984 -0.6274 -1.3459 -1.6296 -1.7834
 254  0.811146  3.6762  1.4875  2.5176  0.8501 -0.7039 -1.4344 -1.7229 -1.8800
 255  0.811168  3.6742  1.4424  2.5549  0.8039 -0.7790 -1.5219 -1.8154 -1.9757
 256  0.811187  3.6723  1.3981  2.5913  0.7621 -0.8508 -1.6069 -1.9055 -2.0693
 257  0.811206  3.6703  1.3546  2.6270  0.7229 -0.9207 -1.6899 -1.9940 -2.1611
 258  0.811223  3.6683  1.3121  2.6619  0.6867 -0.9878 -1.7705 -2.0798 -2.2505
 259  0.811239  3.6664  1.2703  2.6961  0.6531 -1.0531 -1.8494 -2.1642 -2.3383
 260  0.811254  3.6646  1.2291  2.7297  0.6217 -1.1164 -1.9266 -2.2469 -2.4245
 261  0.811267  3.6628  1.1892  2.7622  0.5933 -1.1771 -2.0009 -2.3267 -2.5077
 262  0.811280  3.6609  1.1496  2.7945  0.5669 -1.2364 -2.0743 -2.4057 -2.5902
 263  0.811291  3.6590  1.1108  2.8260  0.5432 -1.2936 -2.1457 -2.4828 -2.6708
 264  0.811302  3.6573  1.0728  2.8569  0.5221 -1.3485 -2.2151 -2.5578 -2.7493
 265  0.811312  3.6555  1.0351  2.8873  0.5038 -1.4018 -2.2832 -2.6317 -2.8269
 266  0.811322  3.6537  0.9983  2.9168  0.4884 -1.4524 -2.3487 -2.7032 -2.9020
 267  0.811330  3.6518  0.9620  2.9459  0.4754 -1.5014 -2.4130 -2.7735 -2.9760
 268  0.811338  3.6500  0.9263  2.9743  0.4659 -1.5478 -2.4749 -2.8417 -3.0480
 269  0.811346  3.6481  0.8910  3.0022  0.4590 -1.5924 -2.5353 -2.9084 -3.1186
 270  0.811354  3.6464  0.8565  3.0295  0.4542 -1.6351 -2.5939 -2.9733 -3.1874
 271  0.811360  3.6446  0.8223  3.0564  0.4511 -1.6765 -2.6512 -3.0371 -3.2551
 272  0.811367  3.6427  0.7887  3.0828  0.4496 -1.7163 -2.7070 -3.0993 -3.3214
 273  0.811373  3.6410  0.7559  3.1086  0.4500 -1.7545 -2.7613 -3.1601 -3.3860
 274  0.811378  3.6392  0.7237  3.1338  0.4524 -1.7908 -2.8138 -3.2191 -3.4490
 275  0.811384  3.6375  0.6922  3.1585  0.4560 -1.8257 -2.8648 -3.2767 -3.5106
 276  0.811389  3.6359  0.6615  3.1825  0.4613 -1.8589 -2.9143 -3.3327 -3.5705
 277  0.811394  3.6343  0.6315  3.2060  0.4679 -1.8906 -2.9621 -3.3870 -3.6288
 278  0.811399  3.6327  0.6025  3.2287  0.4750 -1.9209 -3.0083 -3.4396 -3.6853
 279  0.811403  3.6312  0.5757  3.2499  0.4825 -1.9485 -3.0509 -3.4884 -3.7376
